lattice = [[2.64575131106459072, 0.00000000000000000], [-1.32287565553229536, 2.29128784747791991]]

[[layer]]
shift = [0, 0]
frac-sites = [[0.00000000000000000, 0.00000000000000000], [0.66666666666666663, 0.33333333333333331]]
frac-lattice = [[-0.14285714285714285, 0.28571428571428570], [-0.28571428571428570, -0.42857142857142855]]
repeat = [7, 1]

[[layer]]
shift = [0.33333333333333331, 0.66666666666666663]
frac-sites = [[0.00000000000000000, 0.00000000000000000], [0.66666666666666663, 0.33333333333333331]]
frac-lattice = [[-0.14285714285714285, 0.28571428571428570], [-0.28571428571428570, -0.42857142857142855]]
repeat = [7, 1]

[[layer]]
shift = [0.66666666666666663, 0.33333333333333331]
frac-sites = [[0.00000000000000000, 0.00000000000000000], [0.66666666666666663, 0.33333333333333331]]
frac-lattice = [[-0.28571428571428570, 0.14285714285714285], [-0.14285714285714285, -0.42857142857142855]]
repeat = [7, 1]
