lattice = [[1.00000000000000000, 0.00000000000000000], [-0.50000000000000000, 0.86602540378443860]]

[[layer]]
frac-sites = [[0.0, 0.0], [0.66666666666666663, 0.33333333333333331]]
frac-lattice = [[1.0, 0.0], [0.0, 1.0]]
shift = [0.0, 0.0]
repeat = [1, 1]

[[layer]]
frac-sites = [[0.0, 0.0], [0.66666666666666663, 0.33333333333333331]]
frac-lattice = [[1.0, 0.0], [0.0, 1.0]]
shift = [0.33333333333333331, 0.66666666666666663]
repeat = [1, 1]

[[layer]]
frac-sites = [[0.0, 0.0], [0.66666666666666663, 0.33333333333333331]]
frac-lattice = [[1.0, 0.0], [0.0, 1.0]]
shift = [0.0, 0.0]
repeat = [1, 1]
