a = 2.45999999999999996
layer-sep = 3.35000000000000009
vacuum-sep = 10.00000000000000000
